500 500
1500 400 1000 1000
4 199
390 43
66 41
372 43
61 43
487 42
59 43
64 44
415 41
127 43
199 39
258 40
281 40
319 40
320 39
286 39
464 38
220 37
184 0
337 38
247 2
261 2
316 2
242 38
322 0
418 37
322 37
84 39
142 38
392 3
94 50
189 51
301 52
263 3
264 51
136 52
76 52
248 49
232 49
386 50
15 46
62 52
431 49
391 48
456 48
471 48
470 48
240 48
489 47
284 47
296 47
303 47
369 47
152 45
435 45
424 45
112 47
492 45
32 48
168 46
187 46
42 57
1 443
268 59
166 60
49 58
56 58
134 57
161 57
320 56
450 56
483 56
430 56
376 55
13 60
110 53
9 57
27 58
126 56
224 54
63 56
384 53
301 4
119 70
54 68
344 4
99 70
250 71
29 64
429 73
438 72
399 72
263 71
365 72
468 71
133 74
103 67
1 356
232 68
7 66
473 70
336 69
200 68
405 70
451 69
221 67
384 69
368 67
347 67
39 4
70 72
289 64
320 65
85 62
189 63
102 62
467 65
229 63
253 66
134 64
230 66
7 67
459 63
0 71
92 66
120 65
104 64
130 62
29 68
368 61
106 63
305 89
168 87
116 86
171 5
51 83
459 89
147 5
481 89
292 87
147 89
138 90
432 87
296 5
290 85
306 85
65 89
279 85
254 84
87 89
482 86
115 90
347 85
303 86
311 86
176 84
433 84
264 83
375 83
101 5
118 88
450 84
438 83
291 84
286 84
257 84
439 82
91 77
15 88
222 80
84 78
103 77
480 81
43 77
294 79
444 80
453 79
467 79
274 80
360 77
220 76
308 77
147 75
441 78
369 78
377 78
386 77
422 77
437 77
236 77
90 80
251 6
212 105
250 6
122 102
230 104
493 106
104 102
189 106
328 104
41 102
310 104
288 6
275 105
192 106
32 103
98 100
48 6
377 102
50 6
468 103
265 102
399 103
465 102
419 102
385 102
282 103
40 106
3 99
244 102
323 101
478 100
440 100
69 105
111 104
72 93
134 96
152 96
239 95
334 95
471 96
26 105
30 104
376 97
367 97
10 107
303 96
438 95
21 102
310 93
76 98
278 94
17 103
283 91
30 101
100 96
437 92
144 93
299 91
160 93
241 94
179 93
447 91
210 93
225 93
92 96
178 7
186 7
21 114
485 123
25 114
92 119
322 7
54 119
438 121
211 123
168 122
91 116
19 113
101 116
326 121
362 121
424 119
20 110
248 117
305 119
200 116
358 119
19 111
318 116
193 119
0 114
293 117
253 118
56 122
479 116
459 116
160 112
78 110
62 108
386 114
64 111
48 108
355 115
325 115
143 114
378 112
452 112
472 112
244 109
470 110
69 115
176 109
486 110
447 110
159 109
234 111
242 111
276 108
143 110
298 108
326 109
25 116
357 109
21 134
368 150
86 142
213 147
156 8
200 148
195 148
377 149
81 141
422 152
46 140
35 139
94 143
327 151
447 150
278 145
94 138
33 141
471 147
150 150
59 143
176 149
406 145
463 146
448 146
405 8
267 148
209 140
149 138
446 144
347 141
12 124
163 140
267 143
125 150
261 143
435 142
154 140
310 144
431 140
39 150
397 140
301 140
490 137
34 152
293 140
434 138
311 140
4 132
186 130
250 132
206 131
152 128
321 134
1 167
194 128
2 139
340 136
325 136
219 130
205 130
318 129
265 128
177 134
273 128
27 147
342 129
174 136
410 129
444 130
463 128
293 132
170 135
481 128
411 127
425 127
165 124
478 127
419 126
19 144
176 125
359 127
11 142
258 124
73 128
337 124
362 124
367 124
126 130
47 136
262 125
6 145
320 125
401 184
104 176
389 184
41 171
355 183
452 184
266 183
66 175
115 176
358 182
257 184
87 10
392 182
440 182
467 182
412 183
120 174
341 179
249 185
49 10
106 173
205 185
20 165
100 170
94 172
222 183
363 175
207 172
282 174
228 172
337 174
169 170
331 10
354 10
267 10
70 185
161 172
457 174
424 172
263 170
408 172
84 178
296 171
185 174
72 179
4 163
44 182
179 10
225 175
322 173
457 171
210 175
248 174
48 183
304 173
2 169
8 179
161 162
92 157
177 165
139 164
106 157
30 183
19 185
299 162
38 157
302 163
342 162
398 165
323 162
295 164
116 154
303 164
260 164
469 162
412 163
164 154
367 158
220 155
48 164
259 158
378 157
308 158
337 160
413 157
284 160
42 164
273 161
439 158
230 160
298 153
428 155
112 165
317 153
255 160
163 157
130 158
42 166
161 160
25 170
131 160
15 174
446 154
140 211
360 216
212 214
267 217
48 203
492 216
378 217
166 216
165 216
158 215
85 204
278 212
194 218
452 213
17 196
223 218
255 217
339 214
77 205
335 214
378 213
405 12
435 209
262 207
38 211
168 204
113 217
291 208
131 204
202 206
418 207
117 216
69 217
253 204
325 12
423 205
428 206
437 206
397 206
286 204
145 209
444 204
393 204
104 192
475 202
310 200
290 200
354 199
185 198
186 198
69 192
463 200
389 199
364 201
358 201
21 212
327 196
464 197
473 197
26 214
20 214
456 196
142 201
316 198
420 196
407 196
473 195
30 211
326 191
435 193
141 186
367 191
473 194
15 205
486 193
469 193
260 192
197 186
31 208
418 190
221 186
379 193
342 11
62 202
5 212
144 190
211 192
140 191
284 187
156 191
46 202
361 189
160 192
257 189
493 186
28 203
392 250
89 14
433 250
85 240
445 251
174 247
11 231
191 247
348 250
14 228
45 241
8 233
464 245
344 247
257 246
183 251
440 244
117 237
131 251
223 238
22 224
139 236
433 243
330 240
322 240
1 102
315 14
396 14
442 241
225 236
475 239
129 14
273 237
264 238
205 240
124 227
361 233
366 233
423 234
490 235
298 232
478 235
494 234
258 233
128 229
477 234
228 230
361 235
97 223
295 234
253 229
327 235
112 225
396 232
106 13
245 228
107 224
263 235
459 230
178 235
223 232
445 228
272 230
475 229
274 230
48 13
171 234
332 230
442 226
355 13
274 223
465 227
99 234
381 224
47 228
128 220
483 226
349 223
468 226
263 13
376 223
384 223
480 225
24 240
470 13
249 220
73 235
204 220
102 233
251 219
434 221
134 224
282 220
469 221
493 221
465 220
337 222
361 222
290 221
217 225
472 219
169 226
26 278
170 300
179 301
283 306
461 313
489 312
275 307
414 311
51 286
306 306
232 302
380 307
275 308
345 306
263 309
463 311
289 308
424 312
403 313
84 296
140 302
352 313
97 290
474 308
373 313
351 312
254 300
325 313
64 295
132 303
377 312
273 311
381 312
393 309
217 300
137 305
192 301
400 309
12 268
240 298
163 303
13 267
286 298
159 307
460 304
42 293
480 304
117 288
277 300
189 307
395 305
410 305
354 305
438 298
50 291
302 302
209 309
64 287
25 267
474 299
449 299
331 303
281 290
268 16
153 282
302 16
131 282
246 287
256 291
392 295
235 288
469 294
45 299
460 294
392 296
143 284
70 309
52 304
390 16
275 294
132 285
120 309
233 283
314 294
153 285
395 291
442 293
377 295
74 313
94 311
313 296
249 281
299 282
121 305
190 293
215 295
399 286
386 286
9 257
58 313
252 295
239 294
432 288
131 292
243 295
289 283
262 284
6 272
112 303
103 298
322 287
10 263
455 284
36 310
304 285
176 296
117 298
34 312
473 281
348 285
193 292
284 289
263 289
382 285
92 259
82 260
406 279
311 276
478 277
476 277
17 309
19 308
481 276
125 260
68 261
406 273
481 275
447 273
109 256
97 259
194 267
192 267
347 277
159 271
44 254
396 276
430 275
478 274
373 268
13 311
478 271
37 15
50 261
375 267
45 15
274 268
203 280
326 266
415 265
25 299
379 271
496 266
139 279
398 267
382 269
155 279
57 258
273 256
54 269
42 268
55 269
60 271
363 259
88 274
80 273
22 16
394 264
53 271
430 15
194 252
203 252
390 15
67 278
359 263
449 260
164 254
283 263
325 261
354 262
426 260
471 256
66 280
218 262
162 259
155 257
208 261
12 295
261 253
267 253
323 252
212 264
246 262
122 270
3 306
214 256
30 283
431 252
74 269
33 279
74 272
16 289
204 368
367 375
245 371
270 372
219 369
58 355
235 371
413 377
258 374
20 339
216 371
61 353
191 364
164 365
43 348
295 377
399 372
278 376
291 379
437 375
424 374
49 350
234 365
110 353
164 374
416 21
64 348
8 340
350 367
211 376
335 364
18 334
395 371
184 372
472 369
357 364
71 350
98 347
192 372
392 364
470 367
301 368
495 366
350 371
10 343
35 363
454 365
15 320
253 354
375 358
52 368
19 326
309 359
179 348
493 361
176 347
378 356
270 359
363 356
193 355
107 373
360 363
42 370
65 377
61 366
179 354
48 365
80 376
373 361
374 361
130 20
20 327
394 358
97 375
78 378
431 352
108 369
290 347
366 349
212 360
118 371
390 20
235 360
15 328
422 355
487 351
457 352
430 20
280 350
155 361
236 358
364 355
97 364
138 361
374 354
387 348
183 362
481 348
218 359
142 362
209 359
264 354
274 355
458 348
51 375
224 357
89 368
378 351
21 319
334 353
445 349
247 338
76 324
434 344
241 337
76 326
90 1
170 332
192 338
226 336
243 335
62 318
127 326
318 344
72 328
436 340
31 373
382 344
437 342
272 345
27 21
463 337
347 334
346 334
362 333
473 338
473 335
392 19
168 345
152 343
216 339
262 337
377 336
416 334
379 335
9 378
359 335
346 325
65 339
163 316
172 316
299 1
416 327
58 338
160 314
397 329
22 357
193 322
37 333
308 328
169 321
238 316
118 341
129 320
470 323
5 377
129 18
139 322
159 321
323 328
326 328
295 329
261 314
302 314
352 316
364 316
447 18
443 18
4 366
204 330
300 316
422 320
178 323
303 319
120 334
405 314
39 344
453 317
103 332
135 328
306 318
290 322
403 316
14 356
201 326
460 444
102 426
370 441
395 443
273 439
346 441
80 425
329 438
458 443
220 436
252 25
100 422
183 436
126 424
116 425
354 444
456 441
286 443
447 438
350 445
163 434
431 441
8 403
378 443
327 443
262 445
355 433
289 431
270 430
84 417
181 440
200 443
145 441
130 440
170 438
77 416
36 425
211 444
163 439
121 418
402 437
467 435
363 430
69 418
496 25
350 437
478 433
469 430
323 434
423 433
245 438
438 432
431 432
205 441
350 435
129 413
190 417
325 424
17 390
174 416
300 422
3 403
302 425
394 428
16 391
483 427
52 436
477 427
265 425
368 429
344 428
316 427
85 444
488 425
137 419
89 443
422 425
298 429
266 428
183 419
475 423
297 428
399 425
3 409
380 416
396 418
195 426
279 413
236 429
51 443
106 437
474 418
174 423
300 415
137 425
457 419
71 433
489 416
307 419
64 434
372 421
110 431
351 420
47 445
419 413
44 444
317 421
421 416
420 417
352 419
193 424
316 420
22 385
0 413
256 405
353 408
272 405
71 390
211 23
231 401
454 409
396 411
72 392
252 402
478 409
285 407
69 392
162 398
310 407
63 384
301 410
320 411
400 405
401 405
216 397
134 402
124 391
422 405
342 412
375 411
427 408
276 411
140 403
73 396
309 412
229 411
43 391
8 439
126 387
111 388
6 420
119 386
116 386
302 402
459 399
22 436
6 414
439 397
267 402
19 434
298 404
120 381
91 384
309 403
370 392
16 422
467 396
30 428
357 391
85 408
58 23
252 386
386 395
41 397
135 383
3 437
374 389
290 391
365 389
253 384
203 380
234 382
232 380
65 412
219 394
421 22
181 392
50 409
125 404
127 404
155 389
197 394
35 406
434 388
297 383
202 395
440 388
54 412
118 401
140 392
124 400
160 395
227 391
78 23
85 404
218 392
324 384
382 386
105 400
464 380
99 399
149 396
183 394
326 22
316 387
158 395
240 389
9 464
185 498
141 497
141 499
208 29
223 497
30 471
44 491
71 479
273 29
346 499
299 496
372 498
296 499
297 499
282 498
323 496
51 495
122 484
487 499
77 485
385 496
413 29
467 499
21 468
28 464
170 482
465 494
330 490
411 493
260 489
227 485
247 484
152 28
168 480
449 493
193 487
302 493
245 28
19 459
275 493
178 486
326 495
474 488
358 493
260 494
302 495
212 482
450 489
51 499
446 485
360 483
147 489
181 491
166 491
283 483
178 488
311 485
471 483
274 486
482 481
179 493
463 480
227 489
130 495
292 486
147 494
390 475
419 476
385 475
470 477
492 477
40 26
124 461
433 475
436 475
82 458
34 447
96 460
32 26
289 473
255 467
216 469
168 470
448 471
125 456
370 476
482 471
345 476
487 470
144 472
152 472
155 472
343 465
392 469
171 471
100 454
37 457
445 464
208 472
387 463
331 470
130 477
342 467
409 466
342 468
306 469
486 462
415 461
238 451
159 26
267 457
486 460
93 472
184 446
131 450
31 491
347 461
389 455
343 462
161 454
474 455
136 453
317 461
122 471
241 446
71 478
486 455
422 457
144 453
331 449
35 471
374 449
464 454
314 446
278 447
225 462
236 459
178 456
20 480
123 467
72 465
336 447
147 457
372 454
270 451
229 457
340 454
135 460
315 454
286 453
65 469
36 478
96 27
190 459
340 452
199 458
286 36
96 32
124 32
233 33
51 35
377 34
164 33
473 33
482 32
360 31
401 31
152 30
346 30
